0 0.080405 0.105279 0.160810 0.180226
0 0.265541 0.102773 0.185811 0.205546
0 0.449662 0.092619 0.219595 0.185238
0 0.621115 0.079927 0.231419 0.159854
0 0.867736 0.064697 0.221284 0.129394
0 0.049155 0.299466 0.098310 0.157381
0 0.162500 0.296928 0.172297 0.147227
0 0.304392 0.303274 0.162162 0.149766
0 0.438682 0.263929 0.194257 0.197995
0 0.607601 0.282967 0.214527 0.205610
0 0.756250 0.220776 0.244932 0.258917
0 0.914189 0.241083 0.155405 0.182765
0 0.095608 0.460655 0.191216 0.175150
0 0.256250 0.473347 0.201014 0.185303
0 0.419257 0.468270 0.172297 0.190380
0 0.551858 0.473347 0.170608 0.180226
0 0.718243 0.472078 0.219595 0.172611
0 0.884459 0.453040 0.231081 0.220841
0 0.069426 0.673880 0.138851 0.210687
0 0.223311 0.691649 0.233108 0.200534
0 0.403209 0.697995 0.207770 0.182765
0 0.607601 0.705610 0.234797 0.208149
0 0.855068 0.733533 0.277027 0.213226
0 0.862669 0.915028 0.234797 0.154842
0 0.648142 0.904875 0.211149 0.170073
0 0.460642 0.899798 0.190878 0.185303
0 0.281588 0.894721 0.170608 0.195457
0 0.105068 0.888375 0.195946 0.197995